(LinearRegression:base) coef_=[[ 0.01725639]], intercept=[-1.05639234]
(LinearRegression:base) coef_=[[ 0.0150362]], intercept=[-1.50599111]
2 3 6 7 8

    46.63   1              69.24 39.15 45.29 32.85
    133.80 2  124.91      121.55 163.11 125.67
    58.74   3  43.44 71.87             67.04 52.61
    85.34   4  70.01 127.68 71.62           72.08
    34.32   5  23.67 57.60  23.29 32.72

54.67[px] in 132dpi
10.54 [mm]

    0.99 1         0.99 0.97 1.01 0.98
    1.25 2 1.24         1,23 1,28 1,25
    0.78 3 0.72 0.79         0.81 0.79
    0.87 4 0.87 0.91 0.85         0.86
    0.48 5 0.46 0.51 0.46 0.48
0.87
